0
10.2
20.4
30.6
40.8
51
61.2
71.4
81.6
91.8
102
102.443
102.887
103.33
103.774
104.217
104.661
105.104
105.548
105.991
106.435
106.878
107.322
107.765
108.209
108.652
109.096
109.539
109.983
110.426
110.87
111.313
111.757
112.2
112.643
113.087
113.53
113.974
114.417
114.861
115.304
115.748
116.191
116.635
117.078
117.522
117.965
118.409
118.852
119.296
119.739
120.183
120.626
121.07
121.513
121.957
122.4
122.843
123.287
123.73
124.174
124.617
125.061
125.504
125.948
126.391
126.835
127.278
127.722
128.165
128.609
129.052
129.496
129.939
130.383
130.826
131.27
131.713
132.157
132.6
133.043
133.487
133.93
134.374
134.817
135.261
135.704
136.148
136.591
137.035
137.478
137.922
138.365
138.809
139.252
139.696
140.139
140.583
141.026
141.47
141.913
142.357
142.8
143.243
143.687
144.13
144.574
145.017
145.461
145.904
146.348
146.791
147.235
147.678
148.122
148.565
149.009
149.452
149.896
150.339
150.783
151.226
151.67
152.113
152.557
153
153.443
153.887
154.33
154.774
155.217
155.661
156.104
156.548
156.991
157.435
157.878
158.322
158.765
159.209
159.652
160.096
160.539
160.983
161.426
161.87
162.313
162.757
163.2
163.643
164.087
164.53
164.974
165.417
165.861
166.304
166.748
167.191
167.635
168.078
168.522
168.965
169.409
169.852
170.296
170.739
171.183
171.626
172.07
172.513
172.957
173.4
173.843
174.287
174.73
175.174
175.617
176.061
176.504
176.948
177.391
177.835
178.278
178.722
179.165
179.609
180.052
180.496
180.939
181.383
181.826
182.27
182.713
183.157
183.6
184.043
184.487
184.93
185.374
185.817
186.261
186.704
187.148
187.591
188.035
188.478
188.922
189.365
189.809
190.252
190.696
191.139
191.583
192.026
192.47
192.913
193.357
193.8
194.243
194.687
195.13
195.574
196.017
196.461
196.904
197.348
197.791
198.235
198.678
199.122
199.565
200.009
200.452
200.896
201.339
201.783
202.226
202.67
203.113
203.557
204
207.4
210.8
214.2
217.6
221
224.4
227.8
231.2
234.6
238
241.4
244.8
248.2
251.6
255
