0
0
0
0
0
0
0
0
0
0
0
0
0
0
0
0
0
0
0
0
0
0
0
0
0
0
0
0
0
0
0
0
0
0
0
0
0
0
0
0
0
0
0
0
0
0
0
0
0
0
0
0
0
0
0
0
0
0
0
0
0
0
0
0
1
1
1
1
1
1
1
1
1
1
1
1
1
1
1
1
1
2
2
2
2
2
2
2
2
2
2
2
3
3
3
3
3
3
3
3
3
3
4
4
4
4
4
4
4
5
5
5
5
5
5
5
6
6
6
6
6
6
7
7
7
7
7
7
8
8
8
8
8
9
9
9
9
9
10
10
10
10
11
11
11
11
12
12
12
12
13
13
13
13
14
14
14
15
15
15
15
16
16
16
17
17
17
18
18
18
19
19
19
20
20
20
21
21
21
22
22
22
23
23
24
24
24
25
25
26
26
27
27
27
28
28
29
29
30
30
31
31
31
32
32
33
33
34
34
35
35
36
36
37
37
38
39
39
40
40
41
41
42
42
43
44
44
45
45
46
47
47
48
49
49
50
50
51
52
52
53
54
54
55
56
57
57
58
59
59
60
61
62
62
63
64
65
65
66
67
68
68
69
70
71
72
72
73
74
75
76
77
78
78
79
80
81
82
83
84
85
86
86
87
88
89
90
91
92
93
94
95
96
97
98
99
100
101
102
103
104
105
106
107
108
109
111
112
113
114
115
116
117
118
120
121
122
123
124
125
127
128
129
130
131
133
134
135
136
138
139
140
141
143
144
145
147
148
149
151
152
153
155
156
157
159
160
161
163
164
166
167
169
170
171
173
174
176
177
179
180
182
183
185
186
188
190
191
193
194
196
197
199
201
202
204
206
207
209
211
212
214
216
217
219
221
222
224
226
228
229
231
233
235
237
238
240
242
244
246
248
249
251
253
255
257
259
261
263
265
267
269
271
273
275
277
279
281
283
285
287
289
291
293
295
297
299
301
303
306
308
310
312
314
316
319
321
323
325
327
330
332
334
337
339
341
343
346
348
350
353
355
357
360
362
365
367
369
372
374
377
379
382
384
387
389
392
394
397
399
402
405
407
410
412
415
418
420
423
426
428
431
434
436
439
442
444
447
450
453
456
458
461
464
467
470
473
475
478
481
484
487
490
493
496
499
502
505
508
511
514
517
520
523
526
529
532
535
538
541
545
548
551
554
557
560
564
567
570
573
577
580
583
586
590
593
596
600
603
606
610
613
617
620
624
627
630
634
637
641
644
648
651
655
659
662
666
669
673
677
680
684
688
691
695
699
702
706
710
714
717
721
725
729
733
736
740
744
748
752
756
760
764
768
772
776
780
784
788
792
796
800
804
808
812
816
820
824
828
833
837
841
845
849
854
858
862
866
871
875
879
884
888
892
897
901
906
910
914
919
923
928
932
937
941
946
950
955
960
964
969
973
978
983
987
992
997
1001
1006
1011
1016
1020
1025
1030
1035
1040
1045
1049
1054
1059
1064
1069
1074
1079
1084
1089
1094
1099
1104
1109
1114
1119
1124
1129
1134
1139
1145
1150
1155
1160
1165
1171
1176
1181
1186
1192
1197
1202
1208
1213
1218
1224
1229
1235
1240
1245
1251
1256
1262
1267
1273
1278
1284
1290
1295
1301
1306
1312
1318
1323
1329
1335
1341
1346
1352
1358
1364
1369
1375
1381
1387
1393
1399
1405
1410
1416
1422
1428
1434
1440
1446
1452
1458
1464
1471
1477
1483
1489
1495
1501
1507
1514
1520
1526
1532
1539
1545
1551
1558
1564
1570
1577
1583
1589
1596
1602
1609
1615
1622
1628
1635
1641
1648
1655
1661
1668
1674
1681
1688
1694
1701
1708
1715
1721
1728
1735
1742
1749
1755
1762
1769
1776
1783
1790
1797
1804
1811
1818
1825
1832
1839
1846
1853
1860
1867
1875
1882
1889
1896
1903
1911
1918
1925
1933
1940
1947
1955
1962
1969
1977
1984
1992
1999
2007
2014
2022
2029
2037
2044
2052
2060
2067
2075
2083
2090
2098
2106
2113
2121
2129
2137
2145
2152
2160
2168
2176
2184
2192
2200
2208
2216
2224
2232
2240
2248
2256
2264
2272
2281
2289
2297
2305
2313
2322
2330
2338
2347
2355
2363
2372
2380
2388
2397
2405
2414
2422
2431
2439
2448
2456
2465
2474
2482
2491
2500
2508
2517
2526
2535
2543
2552
2561
2570
2579
2587
2596
2605
2614
2623
2632
2641
2650
2659
2668
2677
2686
2696
2705
2714
2723
2732
2741
2751
2760
2769
2779
2788
2797
2807
2816
2825
2835
2844
2854
2863
2873
2882
2892
2901
2911
2921
2930
2940
2950
2959
2969
2979
2989
2998
3008
3018
3028
3038
3048
3057
3067
3077
3087
3097
3107
3117
3128
3138
3148
3158
3168
3178
3188
3199
3209
3219
3229
3240
3250
3260
3271
3281
3292
3302
3312
3323
3333
3344
3355
3365
3376
3386
3397
3408
3418
3429
3440
3451
3461
3472
3483
3494
3505
3515
3526
3537
3548
3559
3570
3581
3592
3603
3614
3626
3637
3648
3659
3670
3681
3693
3704
3715
3727
3738
3749
3761
3772
3784
3795
3806
3818
3830
3841
3853
3864
3876
3887
3899
3911
3923
3934
3946
3958
3970
3981
3993
4005
4017
4029
4041
4053
4065
4077
4089
4095
4095
4095
4095
4095
